# unix_time, cycles_done, cur_path, paths_total, pending_total, pending_favs, map_size, unique_crashes, unique_hangs, max_depth, execs_per_sec
1512694583, 0, 0, 1, 1, 1, 0.00%, 0, 0, 1, 571.43
1512694588, 8, 0, 2, 0, 0, 0.01%, 0, 0, 2, 1278.34
1512694593, 22, 1, 2, 0, 0, 0.01%, 0, 0, 2, 1449.31
1512694599, 38, 0, 2, 0, 0, 0.01%, 0, 0, 2, 1485.18
1512694604, 53, 0, 2, 0, 0, 0.01%, 0, 0, 2, 1511.42
1512694609, 68, 1, 2, 0, 0, 0.01%, 0, 0, 2, 1521.50
1512694614, 83, 1, 2, 0, 0, 0.01%, 0, 0, 2, 1515.59
1512694619, 98, 1, 2, 0, 0, 0.01%, 1, 0, 2, 1512.05
1512694624, 113, 1, 2, 0, 0, 0.01%, 1, 0, 2, 1501.05
1512694629, 117, 2, 3, 1, 1, 0.01%, 1, 0, 3, 1513.44
